{
    "type": "Additive",
    "name": "testin1",
    "base_frequency": 440.0,
    "sample_rate": 44100.0,
    "duration": 1.0,
    "volume": 0.5,
    "tone": 0.23,
    "num_harmonics": 47.55,
    "adsr": {
        "attack": 0.8247680761330961,
        "decay": 0.021903990483362983,
        "sustain": 0.7,
        "release": 0.15332793338354092
    }
}